 420

 420
 117

 7074
 420
 117

 7074
 2387
 420
 117

 7074
 6774
 2387
 420
 117

      8102
      7074
      6774

 2387
      420
      117


      8102
      7074
      6774

 2387
      420
      283
      117


      8102
      7074
      6774
      2849

 2387
      420
      283
      117


      8102
      7590
      7074
      6774
      2849

 2387
      420
      283
      117


      8102
      7590

 7074
      6774
      3242
      2849

 2387
      420
      283
      117


      8102
      8073
      7590

 7074
      6774
      3242
      2849

 2387
      420
      283
      117


      8102
      8073
      7590

 7074
      6774
      3242
      3197
      2849

 2387
      420
      283
      117


      8102
      8073
      7590

 7074
      6774
      3568
      3242
      3197
      2849

 2387
      420
      283
      117


      8102
      8073
      7590

 7074
      6774
      5333
      3568

 3242
      3197
      2849

 2387
      420
      283
      117


      8102
      8073
      7590

 7074
      6774
      5333
      3568

 3242
      3197
      2849

 2387
      833
      420
      283
      117


      8102
      8073
      7590

 7074
      6774
      5350
      5333
      3568

 3242
      3197
      2849

 2387
      833
      420
      283
      117


      8102
      8073
      7590

 7074
      6774
      5350
      5333
      3568

 3242
      3197
      2849

 2387
      833
      642
      420
      283
      117


      8102
      8073
      7590
      7305

 7074
      6774
      5350
      5333
      3568

 3242
      3197
      2849

 2387
      833
      642
      420
      283
      117


      8102
      8073
      7590
      7305

 7074
      6774
      6524
      5350
      5333
      3568

 3242
      3197
      2849

 2387
      833
      642
      420
      283
      117


      8102
      8073
      7590
      7305
      7286

 7074
      6774
      6524
      5350
      5333
      3568

 3242
      3197
      2849

 2387
      833
      642
      420
      283
      117


      8102
      8073
      7590
      7305
      7286

 7074
      6996
      6774
      6524

 5350
      5333
      3568

 3242
      3197
      2849

 2387
      833
      642
      420
      283
      117


      8102
      8073
      7590
      7305
      7286

 7074
      6996
      6774
      6524
      5935

 5350
      5333
      3568

 3242
      3197
      2849

 2387
      833
      642
      420
      283
      117


      8102
      8073
      7590
      7305
      7286

 7074
      6996
      6774
      6524
      5935

 5350
      5333
      3568
      3526

 3242
      3197
      2849

 2387
      833
      642
      420
      283
      117


      8102
      8073
      7590
      7305
      7286

 7074
      6996
      6774
      6524
      5935

 5350
      5333
      3568
      3526

 3242
      3197
      2849

 2387
      966
      833
      642

 420
      283
      117


           8102
           8073
           7590
           7305
           7286

      7074
           6996
           6921
           6774
           6524
           5935

      5350
           5333
           3568
           3526


 3242
           3197
           2849

      2387
           966
           833
           642

      420
           283
           117



           8102
           8073
           7590
           7305
           7286

      7074
           6996
           6921

      6774
           6524
           6192
           5935

      5350
           5333
           3568
           3526


 3242
           3197
           2849

      2387
           966
           833
           642

      420
           283
           117



           8102
           8073
           7590
           7305
           7286

      7074
           6996
           6921

      6774
           6713
           6524
           6192
           5935

      5350
           5333
           3568
           3526


 3242
           3197
           2849

      2387
           966
           833
           642

      420
           283
           117



           8102
           8073
           7590
           7305
           7286

      7074
           6996
           6921

      6774
           6713
           6524
           6192
           5935

      5350
           5333
           3568
           3526


 3242
           3197
           2849

      2387
           1377
           966
           833
           642

      420
           283
           117



           8102
           8073
           7590
           7305
           7286

      7074
           6996
           6921

      6774
           6713
           6524
           6192
           5935

      5350
           5333
           3568
           3526


 3242
           3197
           2849
           2700

      2387
           1377
           966
           833
           642

      420
           283
           117



           8102
           8073

      7590
           7447
           7305
           7286

      7074
           6996
           6921

      6774
           6713
           6524
           6192
           5935

      5350
           5333
           3568
           3526


 3242
           3197
           2849
           2700

      2387
           1377
           966
           833
           642

      420
           283
           117



           8102
           8073

      7590
           7447
           7305
           7286

      7074
           6996
           6921

      6774
           6713
           6524
           6382
           6192
           5935

      5350
           5333
           3568
           3526


 3242
           3197
           2849
           2700

      2387
           1377
           966
           833
           642

      420
           283
           117



           8102
           8073

      7590
           7447
           7305
           7286

      7074
           6996
           6921

      6774
           6713
           6524
           6382
           6192
           5935

      5350
           5333
           3568
           3526


 3242
           3197
           3120
           2849
           2700

      2387
           1377
           966
           833
           642

      420
           283
           117



           8102
           8073

      7590
           7564
           7447
           7305
           7286

      7074
           6996
           6921

      6774
           6713
           6524
           6382
           6192
           5935

      5350
           5333
           3568
           3526


 3242
           3197
           3120
           2849
           2700

      2387
           1377
           966
           833
           642

      420
           283
           117



           8102
           8073

      7590
           7564
           7447
           7305
           7286

      7074
           6996
           6921

      6774
           6713
           6524
           6382
           6192
           5935

      5350
           5333
           5264
           3568
           3526


 3242
           3197
           3120
           2849
           2700

      2387
           1377
           966
           833
           642

      420
           283
           117



           8102
           8073

      7590
           7564
           7447
           7305
           7286

      7074
           6996
           6921

      6774
           6713
           6524

      6382
           6192
           5935
           5507

      5350
           5333
           5264
           3568
           3526


 3242
           3197
           3120
           2849
           2700

      2387
           1377
           966
           833
           642

      420
           283
           117



           8102
           8073

      7590
           7564
           7447
           7305
           7286

      7074
           6996
           6921


 6774
           6713
           6524

      6382
           6192
           6146
           5935
           5507

      5350
           5333
           5264
           3568
           3526


 3242
           3197
           3120
           2849
           2700

      2387
           1377
           966
           833
           642

      420
           283
           117



           8102
           8073

      7590
           7564
           7447
           7305
           7286

      7074
           6996
           6921


 6774
           6713
           6524

      6382
           6192
           6146
           5935
           5507

      5350
           5333
           5264
           5174
           3568
           3526


 3242
           3197
           3120
           2849
           2700

      2387
           1377
           966
           833
           642

      420
           283
           117



           8102
           8073

      7590
           7564
           7447
           7305
           7286

      7074
           6996
           6921


 6774
           6713
           6524

      6382
           6192
           6146
           5935
           5791
           5507

      5350
           5333
           5264
           5174
           3568
           3526


 3242
           3197
           3120
           2849
           2700

      2387
           1377
           966
           833
           642

      420
           283
           117



           8102
           8073

      7590
           7564
           7447
           7305
           7286

      7074
           6996
           6921


 6774
           6713
           6524

      6382
           6192
           6146
           5935
           5791
           5507

      5350
           5333
           5264
           5174
           3568
           3526


 3242
           3197
           3120
           2849
           2700

      2387
           1377
           966
           833
           803
           642

      420
           283
           117



           8102
           8073

      7590
           7564
           7447
           7305
           7286

      7074
           6996
           6921


 6774
           6713
           6524

      6382
           6192
           6146
           5935
           5791
           5507

      5350
           5333
           5264

      5174
           4573
           3568
           3526


 3242
           3197
           3120
           2849
           2700

      2387
           1377
           966
           833
           803
           642

      420
           283
           117



           8102
           8073

      7590
           7564
           7447
           7305
           7286

      7074
           6996
           6921


 6774
           6713
           6524

      6382
           6192
           6146
           5935
           5791
           5507

      5350
           5333
           5264

      5174
           4573
           3568
           3526


 3242
           3197
           3120
           2849
           2700

      2387
           1377
           966
           841

      833
           803
           642

      420
           283
           117



           8102
           8073

      7590
           7564
           7447
           7305
           7286

      7074
           6996
           6921


 6774
           6713
           6524

      6382
           6192
           6146
           5935
           5791
           5507

      5350
           5333
           5264

      5174
           4573
           3568
           3526


 3242
           3197
           3120
           2849
           2700

      2387
           1377
           966
           841

      833
           803
           684
           642

      420
           283
           117



           8102
           8073
           7770

      7590
           7564
           7447
           7305
           7286

      7074
           6996
           6921


 6774
           6713
           6524

      6382
           6192
           6146
           5935
           5791
           5507

      5350
           5333
           5264

      5174
           4573
           3568
           3526


 3242
           3197
           3120
           2849
           2700

      2387
           1377
           966
           841

      833
           803
           684
           642

      420
           283
           117



           8102
           8073
           7770

      7590
           7564
           7447
           7305
           7286

      7074
           6996
           6921


 6774
           6713
           6524

      6382
           6192
           6146
           5935
           5791
           5507

      5350
           5333
           5264

      5174
           4573
           4409
           3568
           3526


 3242
           3197
           3120
           2849
           2700

      2387
           1377
           966
           841

      833
           803
           684
           642

      420
           283
           117



           8102
           8073
           7770

      7590
           7564
           7447
           7305
           7286

      7074
           6996
           6921


 6774
           6713
           6524

      6382
           6192
           6146
           6017

      5935
           5791
           5507

      5350
           5333
           5264

      5174
           4573
           4409
           3568
           3526


 3242
           3197
           3120
           2849
           2700

      2387
           1377
           966
           841

      833
           803
           684
           642

      420
           283
           117



           8102
           8073
           7770

      7590
           7564
           7447
           7305
           7286

      7074
           6996
           6921


 6774
           6713
           6524

      6382
           6192
           6146
           6017

      5935
           5791
           5507

      5350
           5333
           5264

      5174
           4573
           4409
           3568
           3526


 3242
           3197
           3120
           2849
           2700

      2387
           1377
           966
           841

      833
           803
           684
           642

      420
           411
           283
           117



           8102
           8073
           7770

      7590
           7564
           7447
           7305
           7286

      7074
           6996
           6921


 6774
           6713
           6524

      6382
           6192
           6146
           6017

      5935
           5791
           5507

      5350
           5333
           5264

      5174
           4573
           4409
           3568
           3526


 3242
           3197
           3120
           2849
           2700

      2387
           1567
           1377
           966
           841

      833
           803
           684
           642

      420
           411
           283
           117



           8102
           8073
           7770

      7590
           7564
           7447
           7305
           7286

      7074
           6996
           6921


 6774
           6713
           6660
           6524

      6382
           6192
           6146
           6017

      5935
           5791
           5507

      5350
           5333
           5264

      5174
           4573
           4409
           3568
           3526


 3242
           3197
           3120
           2849
           2700

      2387
           1567
           1377
           966
           841

      833
           803
           684
           642

      420
           411
           283
           117



           8102
           8073
           7770
           7716

      7590
           7564
           7447
           7305
           7286

      7074
           6996
           6921


 6774
           6713
           6660
           6524

      6382
           6192
           6146
           6017

      5935
           5791
           5507

      5350
           5333
           5264

      5174
           4573
           4409
           3568
           3526


 3242
           3197
           3120
           2849
           2700

      2387
           1567
           1377
           966
           841

      833
           803
           684
           642

      420
           411
           283
           117



           8102
           8091
           8073
           7770
           7716

      7590
           7564
           7447
           7305
           7286

      7074
           6996
           6921


 6774
           6713
           6660
           6524

      6382
           6192
           6146
           6017

      5935
           5791
           5507

      5350
           5333
           5264

      5174
           4573
           4409
           3568
           3526


 3242
           3197
           3120
           2849
           2700

      2387
           1567
           1377
           966
           841

      833
           803
           684
           642

      420
           411
           283
           117



           8102
           8091
           8073
           7770
           7716

      7590
           7564
           7447
           7305
           7286

      7074
           6996
           6921


 6774
           6713
           6660
           6524

      6382
           6192
           6146
           6017

      5935
           5791
           5507

      5350
           5333
           5264

      5174
           4573
           4409
           3568
           3526


 3242
           3197
           3120
           2849
           2700

      2387
           1567
           1377
           966
           841

      833
           803
           684
           642

      420
           411
           283
           117