num_data = 100;
without deletion
                4059
                4057
                4036

           3977
                3960
                3956
                3704

           3638
                3635
                3634

           3574
                3558
                3531
                3529

           3431
                3415
                3242
                3232
                3224
                3217


      3197
                3058
                3053

           3047
                2967
                2892
                2877

           2784
                2777
                2770
                2753

           2666
                2656
                2643
                2560
                2494
                2470


      2461
                2454
                2363

           2343
                2339
                2329
                2227

           2165
                2096
                2047
                2036
                2002

           1972
                1917
                1838
                1796

           1787
                1716
                1705



 1651
                1646
                1607
                1569
                1514

           1509
                1435
                1432
                1316

           1312
                1176
                1129
                1127
                1105
                1089

           1068
                1014
                1011
                982
                971


      937
                934
                923
                906
                878

           741
                577
                557

           542
                529
                526


      440
                424
                423
                400
                334
                326

           243
                191
                183
                164

           76
                75
                3